 0.000	63.906	24.207	13.601	30.067	57.628	82.298	
63.906	 0.000	85.475	68.884	38.419	71.169	36.401	
24.207	85.475	 0.000	30.806	48.104	57.245	97.739	
13.601	68.884	30.806	 0.000	40.162	71.218	91.782	
30.067	38.419	48.104	40.162	 0.000	43.417	52.240	
57.628	71.169	57.245	71.218	43.417	 0.000	59.666	
82.298	36.401	97.739	91.782	52.240	59.666	 0.000	
