 0.000	81.609	29.017	55.000	70.725	22.091	30.480	
81.609	 0.000	59.816	49.244	17.263	63.655	51.313	
29.017	59.816	 0.000	26.019	53.852	 7.071	19.925	
55.000	49.244	26.019	 0.000	51.352	33.061	37.736	
70.725	17.263	53.852	51.352	 0.000	55.946	40.460	
22.091	63.655	 7.071	33.061	55.946	 0.000	18.028	
30.480	51.313	19.925	37.736	40.460	18.028	 0.000	
