 0.000	20.125	21.095	14.866	34.540	15.652	42.521	22.472	
20.125	 0.000	 7.616	20.248	26.077	12.083	25.080	28.636	
21.095	 7.616	 0.000	15.620	18.601	18.439	30.806	34.670	
14.866	20.248	15.620	 0.000	21.213	24.331	45.310	36.359	
34.540	26.077	18.601	21.213	 0.000	36.797	45.177	52.498	
15.652	12.083	18.439	24.331	36.797	 0.000	27.659	16.553	
42.521	25.080	30.806	45.310	45.177	27.659	 0.000	37.643	
22.472	28.636	34.670	36.359	52.498	16.553	37.643	 0.000	
