 0.000	 4.472	26.019	29.547	24.187	29.614	
 4.472	 0.000	28.443	30.083	26.019	33.242	
26.019	28.443	 0.000	13.038	 4.472	42.521	
29.547	30.083	13.038	 0.000	 9.487	52.631	
24.187	26.019	 4.472	 9.487	 0.000	43.863	
29.614	33.242	42.521	52.631	43.863	 0.000	
