 0.000	37.363	21.260	41.593	47.518	52.345	20.100	
37.363	 0.000	20.396	31.906	47.011	26.077	20.000	
21.260	20.396	 0.000	23.195	34.205	31.113	16.492	
41.593	31.906	23.195	 0.000	15.620	19.026	39.013	
47.518	47.011	34.205	15.620	 0.000	32.894	50.695	
52.345	26.077	31.113	19.026	32.894	 0.000	42.048	
20.100	20.000	16.492	39.013	50.695	42.048	 0.000	
