 0.000	64.382	56.321	27.019	83.487	77.078	47.539	
64.382	 0.000	25.080	44.147	25.000	37.656	65.000	
56.321	25.080	 0.000	46.669	49.739	22.023	74.887	
27.019	44.147	46.669	 0.000	58.856	68.622	30.364	
83.487	25.000	49.739	58.856	 0.000	57.559	69.642	
77.078	37.656	22.023	68.622	57.559	 0.000	96.213	
47.539	65.000	74.887	30.364	69.642	96.213	 0.000	
