 0.000	31.385	34.525	 8.062	35.693	31.828	12.369	35.847	23.022	
31.385	 0.000	23.087	27.203	12.042	 8.602	24.331	30.594	 8.544	
34.525	23.087	 0.000	35.847	13.038	31.385	35.847	 8.062	24.207	
 8.062	27.203	35.847	 0.000	34.015	25.807	 4.472	38.833	18.682	
35.693	12.042	13.038	34.015	 0.000	20.616	32.388	21.095	17.088	
31.828	 8.602	31.385	25.807	20.616	 0.000	21.954	38.601	10.440	
12.369	24.331	35.847	 4.472	32.388	21.954	 0.000	39.699	16.031	
35.847	30.594	 8.062	38.833	21.095	38.601	39.699	 0.000	30.414	
23.022	 8.544	24.207	18.682	17.088	10.440	16.031	30.414	 0.000	
