 0.000	17.464	23.022	17.000	26.249	18.601	18.601	17.889	15.033	
17.464	 0.000	37.802	21.401	42.544	15.133	12.530	27.731	19.416	
23.022	37.802	 0.000	38.275	 7.280	29.120	41.617	35.355	36.770	
17.000	21.401	38.275	 0.000	39.446	31.765	11.180	 8.062	 2.236	
26.249	42.544	 7.280	39.446	 0.000	35.511	44.553	35.114	38.275	
18.601	15.133	29.120	31.765	35.511	 0.000	26.306	35.468	29.530	
18.601	12.530	41.617	11.180	44.553	26.306	 0.000	19.026	10.000	
17.889	27.731	35.355	 8.062	35.114	35.468	19.026	 0.000	 9.055	
15.033	19.416	36.770	 2.236	38.275	29.530	10.000	 9.055	 0.000	
