 0.000	36.674	23.195	31.305	18.439	27.857	67.417	
36.674	 0.000	49.204	61.033	22.561	42.012	31.906	
23.195	49.204	 0.000	12.083	38.910	13.342	81.025	
31.305	61.033	12.083	 0.000	48.826	24.083	92.914	
18.439	22.561	38.910	48.826	 0.000	38.210	50.448	
27.857	42.012	13.342	24.083	38.210	 0.000	72.863	
67.417	31.906	81.025	92.914	50.448	72.863	 0.000	
