 0.000	 8.062	34.409	14.866	16.000	30.083	
 8.062	 0.000	38.484	18.385	13.892	29.155	
34.409	38.484	 0.000	20.125	28.284	21.932	
14.866	18.385	20.125	 0.000	11.180	18.111	
16.000	13.892	28.284	11.180	 0.000	15.264	
30.083	29.155	21.932	18.111	15.264	 0.000	
