  0.000	 17.263	 41.146	 72.835	 44.407	 68.659	  5.385	
 17.263	  0.000	 48.795	 87.459	 34.205	 85.907	 22.561	
 41.146	 48.795	  0.000	 94.921	 44.011	 71.449	 41.110	
 72.835	 87.459	 94.921	  0.000	116.932	 40.311	 67.941	
 44.407	 34.205	 44.011	116.932	  0.000	106.066	 49.041	
 68.659	 85.907	 71.449	 40.311	106.066	  0.000	 63.348	
  5.385	 22.561	 41.110	 67.941	 49.041	 63.348	  0.000	
