  0.000	 53.759	 64.885	 54.231	 38.419	 32.280	 87.235	
 53.759	  0.000	 52.802	 73.410	 35.805	 73.783	 52.839	
 64.885	 52.802	  0.000	 36.125	 27.893	 96.664	105.546	
 54.231	 73.410	 36.125	  0.000	 37.643	 85.094	123.843	
 38.419	 35.805	 27.893	 37.643	  0.000	 69.354	 86.683	
 32.280	 73.783	 96.664	 85.094	 69.354	  0.000	 88.204	
 87.235	 52.839	105.546	123.843	 86.683	 88.204	  0.000	
