 0.000	55.973	64.885	49.679	62.586	16.279	16.971	
55.973	 0.000	49.163	29.000	32.985	71.176	50.804	
64.885	49.163	 0.000	73.389	17.464	71.840	48.847	
49.679	29.000	73.389	 0.000	59.540	65.856	53.852	
62.586	32.985	17.464	59.540	 0.000	73.062	49.041	
16.279	71.176	71.840	65.856	73.062	 0.000	24.021	
16.971	50.804	48.847	53.852	49.041	24.021	 0.000	
