 0.000	22.825	26.173	21.095	10.198	21.932	18.601	19.799	
22.825	 0.000	30.067	24.166	22.023	35.355	27.514	34.132	
26.173	30.067	 0.000	44.721	35.228	48.104	 8.062	45.967	
21.095	24.166	44.721	 0.000	11.000	13.928	38.275	13.892	
10.198	22.023	35.228	11.000	 0.000	14.318	28.178	12.649	
21.932	35.355	48.104	13.928	14.318	 0.000	40.460	 2.236	
18.601	27.514	 8.062	38.275	28.178	40.460	 0.000	38.288	
19.799	34.132	45.967	13.892	12.649	 2.236	38.288	 0.000	
