 0.000	28.018	17.000	35.228	26.926	22.204	53.852	46.648	36.000	
28.018	 0.000	15.811	 7.616	 6.325	22.672	32.450	39.205	44.822	
17.000	15.811	 0.000	23.324	18.601	26.077	47.508	48.836	46.487	
35.228	 7.616	23.324	 0.000	 9.487	26.077	26.401	37.643	47.424	
26.926	 6.325	18.601	 9.487	 0.000	17.029	29.000	33.061	38.949	
22.204	22.672	26.077	26.077	17.029	 0.000	34.482	24.597	22.204	
53.852	32.450	47.508	26.401	29.000	34.482	 0.000	25.060	46.690	
46.648	39.205	48.836	37.643	33.061	24.597	25.060	 0.000	24.331	
36.000	44.822	46.487	47.424	38.949	22.204	46.690	24.331	 0.000	
