 0.000	13.416	39.408	36.125	32.573	 5.099	
13.416	 0.000	28.231	24.187	19.416	17.029	
39.408	28.231	 0.000	31.780	23.409	44.102	
36.125	24.187	31.780	 0.000	 8.602	37.855	
32.573	19.416	23.409	 8.602	 0.000	35.341	
 5.099	17.029	44.102	37.855	35.341	 0.000	
