 0.000	22.361	26.077	17.464	23.022	18.788	38.013	11.180	
22.361	 0.000	27.203	29.069	17.263	32.696	35.000	11.180	
26.077	27.203	 0.000	42.953	10.296	44.777	12.042	24.187	
17.464	29.069	42.953	 0.000	37.802	 4.000	54.589	21.213	
23.022	17.263	10.296	37.802	 0.000	40.361	18.248	17.000	
18.788	32.696	44.777	 4.000	40.361	 0.000	56.604	24.207	
38.013	35.000	12.042	54.589	18.248	56.604	 0.000	34.785	
11.180	11.180	24.187	21.213	17.000	24.207	34.785	 0.000	
