 0.000	12.042	29.206	26.173	15.811	 9.849	
12.042	 0.000	39.825	20.881	 8.062	18.868	
29.206	39.825	 0.000	41.012	45.000	21.024	
26.173	20.881	41.012	 0.000	28.443	24.166	
15.811	 8.062	45.000	28.443	 0.000	24.759	
 9.849	18.868	21.024	24.166	24.759	 0.000	
