 0.000	39.294	42.638	12.083	33.615	43.046	16.125	47.508	41.304	
39.294	 0.000	17.720	47.854	32.650	12.042	24.083	14.318	 5.831	
42.638	17.720	 0.000	53.740	20.396	 6.403	26.870	 8.544	23.409	
12.083	47.854	53.740	 0.000	45.695	53.413	26.870	57.801	48.703	
33.615	32.650	20.396	45.695	 0.000	25.632	23.022	28.862	38.210	
43.046	12.042	 6.403	53.413	25.632	 0.000	26.926	 4.472	17.464	
16.125	24.083	26.870	26.870	23.022	26.926	 0.000	31.385	27.166	
47.508	14.318	 8.544	57.801	28.862	 4.472	31.385	 0.000	19.000	
41.304	 5.831	23.409	48.703	38.210	17.464	27.166	19.000	 0.000	
