 0.000	24.413	41.183	11.402	24.597	 6.000	46.174	33.242	
24.413	 0.000	37.577	17.263	25.080	28.284	31.623	16.401	
41.183	37.577	 0.000	45.277	16.643	38.626	18.868	24.187	
11.402	17.263	45.277	 0.000	29.069	17.263	45.541	30.806	
24.597	25.080	16.643	29.069	 0.000	22.561	25.000	18.601	
 6.000	28.284	38.626	17.263	22.561	 0.000	46.043	34.482	
46.174	31.623	18.868	45.541	25.000	46.043	 0.000	15.264	
33.242	16.401	24.187	30.806	18.601	34.482	15.264	 0.000	
