 0.000	 8.062	42.012	16.971	48.270	45.188	30.887	18.439	
 8.062	 0.000	38.833	20.616	43.186	38.897	24.352	11.180	
42.012	38.833	 0.000	31.953	13.000	20.025	21.932	30.871	
16.971	20.616	31.953	 0.000	41.881	42.450	30.887	24.083	
48.270	43.186	13.000	41.881	 0.000	10.000	20.396	33.015	
45.188	38.897	20.025	42.450	10.000	 0.000	14.560	27.893	
30.887	24.352	21.932	30.887	20.396	14.560	 0.000	13.342	
18.439	11.180	30.871	24.083	33.015	27.893	13.342	 0.000	
