 0.000	33.377	15.232	27.659	43.463	41.110	39.205	
33.377	 0.000	28.460	21.932	13.892	39.446	19.105	
15.232	28.460	 0.000	13.892	34.132	25.962	26.926	
27.659	21.932	13.892	 0.000	22.361	18.682	13.342	
43.463	13.892	34.132	22.361	 0.000	34.828	11.402	
41.110	39.446	25.962	18.682	34.828	 0.000	23.431	
39.205	19.105	26.926	13.342	11.402	23.431	 0.000	
