 0.000	28.844	40.012	26.476	27.785	44.011	
28.844	 0.000	33.242	21.095	12.806	26.249	
40.012	33.242	 0.000	51.478	20.616	59.414	
26.476	21.095	51.478	 0.000	31.385	18.439	
27.785	12.806	20.616	31.385	 0.000	39.051	
44.011	26.249	59.414	18.439	39.051	 0.000	
