 0.000	17.000	 9.487	19.698	14.422	27.203	11.402	
17.000	 0.000	21.932	20.125	30.083	22.023	13.454	
 9.487	21.932	 0.000	14.213	19.235	23.022	20.591	
19.698	20.125	14.213	 0.000	32.802	 8.944	27.019	
14.422	30.083	19.235	32.802	 0.000	41.037	19.026	
27.203	22.023	23.022	 8.944	41.037	 0.000	32.280	
11.402	13.454	20.591	27.019	19.026	32.280	 0.000	
