 0.000	15.232	12.806	12.369	15.556	10.770	37.443	
15.232	 0.000	 7.211	21.095	17.263	10.770	25.962	
12.806	 7.211	 0.000	22.561	21.213	 4.000	24.698	
12.369	21.095	22.561	 0.000	 8.062	22.023	46.615	
15.556	17.263	21.213	 8.062	 0.000	22.136	43.174	
10.770	10.770	 4.000	22.023	22.136	 0.000	27.019	
37.443	25.962	24.698	46.615	43.174	27.019	 0.000	
