 0.000	10.296	23.195	59.405	43.658	43.139	
10.296	 0.000	14.142	50.249	36.497	33.422	
23.195	14.142	 0.000	46.573	38.833	28.862	
59.405	50.249	46.573	 0.000	21.190	17.720	
43.658	36.497	38.833	21.190	 0.000	18.028	
43.139	33.422	28.862	17.720	18.028	 0.000	
