 0.000	25.456	20.224	26.476	20.616	28.071	 8.062	20.100	
25.456	 0.000	15.133	24.352	13.153	22.361	17.804	20.100	
20.224	15.133	 0.000	33.971	22.672	33.302	16.492	27.803	
26.476	24.352	33.971	 0.000	11.662	 3.606	21.024	 6.708	
20.616	13.153	22.672	11.662	 0.000	10.630	13.038	 7.000	
28.071	22.361	33.302	 3.606	10.630	 0.000	21.840	 8.000	
 8.062	17.804	16.492	21.024	13.038	21.840	 0.000	14.318	
20.100	20.100	27.803	 6.708	 7.000	 8.000	14.318	 0.000	
