 0.000	43.417	42.953	12.083	16.492	27.295	
43.417	 0.000	20.000	34.886	26.926	16.553	
42.953	20.000	 0.000	31.257	29.069	19.849	
12.083	34.886	31.257	 0.000	10.296	18.358	
16.492	26.926	29.069	10.296	 0.000	11.000	
27.295	16.553	19.849	18.358	11.000	 0.000	
