 0.000	23.087	27.731	12.530	34.928	32.311	
23.087	 0.000	 5.831	33.287	50.804	20.616	
27.731	 5.831	 0.000	38.601	56.613	24.515	
12.530	33.287	38.601	 0.000	23.087	36.014	
34.928	50.804	56.613	23.087	 0.000	43.909	
32.311	20.616	24.515	36.014	43.909	 0.000	
