 0.000	42.485	49.396	47.074	15.556	48.549	 5.000	25.495	
42.485	 0.000	37.855	30.083	28.160	 7.616	47.011	43.417	
49.396	37.855	 0.000	 8.000	45.453	44.283	50.961	29.017	
47.074	30.083	 8.000	 0.000	40.817	36.346	49.366	30.364	
15.556	28.160	45.453	40.817	 0.000	33.541	20.518	30.594	
48.549	 7.616	44.283	36.346	33.541	 0.000	53.254	51.000	
 5.000	47.011	50.961	49.366	20.518	53.254	 0.000	25.000	
25.495	43.417	29.017	30.364	30.594	51.000	25.000	 0.000	
