 0.000	23.770	48.836	32.696	 9.220	41.761	29.833	39.850	34.132	
23.770	 0.000	43.174	37.363	21.401	18.028	25.000	23.431	47.707	
48.836	43.174	 0.000	20.881	39.623	48.508	19.723	24.515	36.056	
32.696	37.363	20.881	 0.000	24.042	49.930	14.866	30.806	16.492	
 9.220	21.401	39.623	24.042	 0.000	38.949	20.809	32.388	28.460	
41.761	18.028	48.508	49.930	38.949	 0.000	35.355	24.083	62.968	
29.833	25.000	19.723	14.866	20.809	35.355	 0.000	16.553	30.017	
39.850	23.431	24.515	30.806	32.388	24.083	16.553	 0.000	46.530	
34.132	47.707	36.056	16.492	28.460	62.968	30.017	46.530	 0.000	
