 0.000	36.892	28.653	29.530	29.682	10.770	13.601	 5.000	
36.892	 0.000	17.720	18.028	 7.211	26.401	38.601	41.183	
28.653	17.720	 0.000	 1.000	14.213	21.378	36.497	31.401	
29.530	18.028	 1.000	 0.000	14.866	22.361	37.483	32.202	
29.682	 7.211	14.213	14.866	 0.000	19.209	31.906	34.000	
10.770	26.401	21.378	22.361	19.209	 0.000	15.133	15.524	
13.601	38.601	36.497	37.483	31.906	15.133	 0.000	17.029	
 5.000	41.183	31.401	32.202	34.000	15.524	17.029	 0.000	
