 0.000	33.015	26.833	12.806	12.083	19.723	21.840	
33.015	 0.000	31.145	43.566	29.732	28.018	13.000	
26.833	31.145	 0.000	27.203	14.765	 7.280	20.125	
12.806	43.566	27.203	 0.000	15.297	21.932	31.064	
12.083	29.732	14.765	15.297	 0.000	 7.810	16.763	
19.723	28.018	 7.280	21.932	 7.810	 0.000	15.556	
21.840	13.000	20.125	31.064	16.763	15.556	 0.000	
