 0.000	32.280	 8.062	48.549	 8.062	35.693	
32.280	 0.000	31.385	19.723	38.328	 4.472	
 8.062	31.385	 0.000	49.578	15.556	34.015	
48.549	19.723	49.578	 0.000	52.802	19.925	
 8.062	38.328	15.556	52.802	 0.000	42.107	
35.693	 4.472	34.015	19.925	42.107	 0.000	
