 0.000	25.239	14.213	46.098	14.866	26.249	
25.239	 0.000	27.731	21.587	20.248	48.600	
14.213	27.731	 0.000	44.598	 7.810	22.023	
46.098	21.587	44.598	 0.000	36.878	66.603	
14.866	20.248	 7.810	36.878	 0.000	29.732	
26.249	48.600	22.023	66.603	29.732	 0.000	
