 0.000	14.765	26.077	32.757	29.155	 6.708	
14.765	 0.000	22.847	28.302	22.804	10.050	
26.077	22.847	 0.000	 6.708	 5.831	27.586	
32.757	28.302	 6.708	 0.000	 6.083	33.971	
29.155	22.804	 5.831	 6.083	 0.000	29.411	
 6.708	10.050	27.586	33.971	29.411	 0.000	
