 0.000	32.249	23.022	23.431	44.385	35.847	38.210	30.083	34.438	
32.249	 0.000	29.833	22.023	15.811	10.050	10.000	 8.062	19.026	
23.022	29.833	 0.000	37.054	45.607	38.588	29.155	33.541	18.439	
23.431	22.023	37.054	 0.000	26.019	18.439	31.828	14.765	36.674	
44.385	15.811	45.607	26.019	 0.000	 8.544	21.213	14.318	33.526	
35.847	10.050	38.588	18.439	 8.544	 0.000	18.682	 5.831	29.069	
38.210	10.000	29.155	31.828	21.213	18.682	 0.000	18.028	13.038	
30.083	 8.062	33.541	14.765	14.318	 5.831	18.028	 0.000	26.173	
34.438	19.026	18.439	36.674	33.526	29.069	13.038	26.173	 0.000	
