 0.000	19.925	17.029	30.083	 9.487	19.849	17.464	
19.925	 0.000	 5.385	35.468	26.627	 8.062	37.336	
17.029	 5.385	 0.000	37.537	22.361	12.166	33.956	
30.083	35.468	37.537	 0.000	38.328	28.018	36.878	
 9.487	26.627	22.361	38.328	 0.000	28.425	13.153	
19.849	 8.062	12.166	28.018	28.425	 0.000	36.892	
17.464	37.336	33.956	36.878	13.153	36.892	 0.000	
