 0.000	37.108	37.696	40.792	 5.385	26.420	28.460	
37.108	 0.000	 5.099	17.464	36.770	25.554	 9.000	
37.696	 5.099	 0.000	22.561	38.079	29.547	 9.434	
40.792	17.464	22.561	 0.000	38.118	17.720	21.401	
 5.385	36.770	38.079	38.118	 0.000	22.472	28.653	
26.420	25.554	29.547	17.720	22.472	 0.000	22.361	
28.460	 9.000	 9.434	21.401	28.653	22.361	 0.000	
