 0.000	55.902	19.849	52.326	41.340	36.125	42.000	43.186	14.765	
55.902	 0.000	36.235	20.125	17.088	35.355	38.013	13.416	54.120	
19.849	36.235	 0.000	33.526	23.087	25.942	32.650	23.345	20.100	
52.326	20.125	33.526	 0.000	27.731	45.880	50.695	16.155	45.343	
41.340	17.088	23.087	27.731	 0.000	19.026	23.087	11.662	42.953	
36.125	35.355	25.942	45.880	19.026	 0.000	 6.708	29.833	44.147	
42.000	38.013	32.650	50.695	23.087	 6.708	 0.000	34.540	50.695	
43.186	13.416	23.345	16.155	11.662	29.833	34.540	 0.000	40.706	
14.765	54.120	20.100	45.343	42.953	44.147	50.695	40.706	 0.000	
