 0.000	30.067	27.659	25.495	10.000	11.045	 7.071	29.682	
30.067	 0.000	46.228	11.402	37.363	19.235	35.693	14.866	
27.659	46.228	 0.000	47.802	19.000	31.064	22.023	53.009	
25.495	11.402	47.802	 0.000	34.670	16.971	32.249	 5.385	
10.000	37.363	19.000	34.670	 0.000	18.385	 3.162	39.205	
11.045	19.235	31.064	16.971	18.385	 0.000	16.492	22.023	
 7.071	35.693	22.023	32.249	 3.162	16.492	 0.000	36.620	
29.682	14.866	53.009	 5.385	39.205	22.023	36.620	 0.000	
