 0.000	24.331	34.928	17.205	38.079	46.098	33.541	
24.331	 0.000	19.698	17.205	21.954	23.431	 9.220	
34.928	19.698	 0.000	35.609	 3.162	34.482	20.025	
17.205	17.205	35.609	 0.000	38.288	32.388	24.352	
38.079	21.954	 3.162	38.288	 0.000	34.713	21.095	
46.098	23.431	34.482	32.388	34.713	 0.000	15.811	
33.541	 9.220	20.025	24.352	21.095	15.811	 0.000	
