 0.000	13.601	22.847	11.314	 9.849	32.202	
13.601	 0.000	35.228	24.839	 4.472	34.928	
22.847	35.228	 0.000	13.038	30.806	28.443	
11.314	24.839	13.038	 0.000	20.809	32.450	
 9.849	 4.472	30.806	20.809	 0.000	31.623	
32.202	34.928	28.443	32.450	31.623	 0.000	
