 0.000	 6.083	47.802	41.231	28.653	35.847	 8.062	12.042	
 6.083	 0.000	45.277	44.011	27.203	39.446	 8.246	17.205	
47.802	45.277	 0.000	39.051	19.849	43.290	39.825	47.011	
41.231	44.011	39.051	 0.000	28.302	 8.062	35.847	31.064	
28.653	27.203	19.849	28.302	 0.000	29.120	20.591	27.203	
35.847	39.446	43.290	 8.062	29.120	 0.000	31.623	24.739	
 8.062	 8.246	39.825	35.847	20.591	31.623	 0.000	12.166	
12.042	17.205	47.011	31.064	27.203	24.739	12.166	 0.000	
