 0.000	 5.000	35.735	50.804	30.806	46.487	30.067	39.051	
 5.000	 0.000	31.048	46.043	27.166	42.450	27.659	35.014	
35.735	31.048	 0.000	30.265	33.015	38.079	40.706	10.296	
50.804	46.043	30.265	 0.000	25.495	15.297	33.838	40.025	
30.806	27.166	33.015	25.495	 0.000	16.125	 9.000	42.521	
46.487	42.450	38.079	15.297	16.125	 0.000	22.023	48.374	
30.067	27.659	40.706	33.838	 9.000	22.023	 0.000	49.649	
39.051	35.014	10.296	40.025	42.521	48.374	49.649	 0.000	
