 0.000	44.045	46.615	22.472	50.774	28.862	10.296	34.928	
44.045	 0.000	 4.123	23.770	16.553	27.000	41.400	14.142	
46.615	 4.123	 0.000	27.203	19.416	31.016	43.186	14.318	
22.472	23.770	27.203	 0.000	28.302	10.296	24.187	20.616	
50.774	16.553	19.416	28.302	 0.000	25.000	51.264	29.428	
28.862	27.000	31.016	10.296	25.000	 0.000	33.061	28.653	
10.296	41.400	43.186	24.187	51.264	33.061	 0.000	29.833	
34.928	14.142	14.318	20.616	29.428	28.653	29.833	 0.000	
