 0.000	46.840	13.000	 9.220	42.450	19.416	29.833	19.647	16.279	
46.840	 0.000	37.590	39.459	46.819	37.643	38.833	51.225	51.039	
13.000	37.590	 0.000	13.416	31.064	 7.211	17.804	15.652	14.213	
 9.220	39.459	13.416	 0.000	44.418	20.591	31.064	26.019	23.195	
42.450	46.819	31.064	44.418	 0.000	23.854	13.416	26.833	30.017	
19.416	37.643	 7.211	20.591	23.854	 0.000	10.630	13.601	13.928	
29.833	38.833	17.804	31.064	13.416	10.630	 0.000	18.000	20.224	
19.647	51.225	15.652	26.019	26.833	13.601	18.000	 0.000	 3.606	
16.279	51.039	14.213	23.195	30.017	13.928	20.224	 3.606	 0.000	
