 0.000	17.889	17.692	35.805	16.763	17.464	21.260	 1.414	
17.889	 0.000	21.378	18.385	26.401	35.114	 6.000	16.553	
17.692	21.378	 0.000	38.013	 7.616	30.364	27.295	17.804	
35.805	18.385	38.013	 0.000	44.102	52.355	14.765	34.409	
16.763	26.401	 7.616	44.102	 0.000	25.060	31.953	17.464	
17.464	35.114	30.364	52.355	25.060	 0.000	37.590	18.682	
21.260	 6.000	27.295	14.765	31.953	37.590	 0.000	19.849	
 1.414	16.553	17.804	34.409	17.464	18.682	19.849	 0.000	
