 0.000	12.806	23.770	10.050	34.482	18.000	31.828	17.889	18.682	
12.806	 0.000	30.017	21.932	41.000	14.142	35.847	26.000	26.476	
23.770	30.017	 0.000	28.320	55.154	41.000	54.406	39.051	 5.657	
10.050	21.932	28.320	 0.000	26.907	21.471	26.420	10.817	22.672	
34.482	41.000	55.154	26.907	 0.000	30.017	 8.602	16.643	49.497	
18.000	14.142	41.000	21.471	30.017	 0.000	23.345	18.868	36.346	
31.828	35.847	54.406	26.420	 8.602	23.345	 0.000	15.652	48.826	
17.889	26.000	39.051	10.817	16.643	18.868	15.652	 0.000	33.422	
18.682	26.476	 5.657	22.672	49.497	36.346	48.826	33.422	 0.000	
