 0.000	50.000	46.690	53.009	13.928	47.802	32.802	
50.000	 0.000	22.804	15.811	36.797	31.385	20.396	
46.690	22.804	 0.000	38.079	33.136	50.329	31.623	
53.009	15.811	38.079	 0.000	42.048	18.248	20.248	
13.928	36.797	33.136	42.048	 0.000	41.000	22.136	
47.802	31.385	50.329	18.248	41.000	 0.000	21.190	
32.802	20.396	31.623	20.248	22.136	21.190	 0.000	
