 0.000	40.311	11.662	40.311	57.428	24.739	20.591	23.087	37.108	
40.311	 0.000	31.575	40.000	31.257	16.401	47.043	30.594	 7.071	
11.662	31.575	 0.000	30.017	45.804	18.439	17.889	12.042	30.017	
40.311	40.000	30.017	 0.000	28.862	38.949	26.627	18.111	43.841	
57.428	31.257	45.804	28.862	 0.000	41.976	51.865	36.069	38.118	
24.739	16.401	18.439	38.949	41.976	 0.000	36.056	23.345	12.369	
20.591	47.043	17.889	26.627	51.865	36.056	 0.000	17.464	46.872	
23.087	30.594	12.042	18.111	36.069	23.345	17.464	 0.000	31.780	
37.108	 7.071	30.017	43.841	38.118	12.369	46.872	31.780	 0.000	
