 0.000	41.304	48.836	38.897	39.205	34.234	
41.304	 0.000	15.652	 8.062	 9.220	 7.071	
48.836	15.652	 0.000	23.707	10.296	19.105	
38.897	 8.062	23.707	 0.000	16.125	 8.544	
39.205	 9.220	10.296	16.125	 0.000	 9.434	
34.234	 7.071	19.105	 8.544	 9.434	 0.000	
