 0.000	21.095	27.166	40.608	32.202	25.239	32.016	23.195	
21.095	 0.000	 7.810	19.647	14.422	16.000	23.022	 2.236	
27.166	 7.810	 0.000	16.401	17.117	12.530	28.862	 7.211	
40.608	19.647	16.401	 0.000	13.038	28.320	26.907	17.464	
32.202	14.422	17.117	13.038	 0.000	29.120	14.213	12.530	
25.239	16.000	12.530	28.320	29.120	 0.000	39.013	17.117	
32.016	23.022	28.862	26.907	14.213	39.013	 0.000	22.204	
23.195	 2.236	 7.211	17.464	12.530	17.117	22.204	 0.000	
