 0.000	28.425	14.422	 6.083	33.302	25.456	15.000	17.117	13.601	
28.425	 0.000	15.232	25.942	 5.000	53.814	22.204	24.021	14.866	
14.422	15.232	 0.000	10.817	19.723	39.699	 8.544	11.180	 5.000	
 6.083	25.942	10.817	 0.000	30.529	29.411	 9.055	11.045	12.166	
33.302	 5.000	19.723	30.529	 0.000	58.728	25.962	27.459	19.799	
25.456	53.814	39.699	29.411	58.728	 0.000	37.590	38.484	38.949	
15.000	22.204	 8.544	 9.055	25.962	37.590	 0.000	 2.828	13.038	
17.117	24.021	11.180	11.045	27.459	38.484	 2.828	 0.000	15.811	
13.601	14.866	 5.000	12.166	19.799	38.949	13.038	15.811	 0.000	
