 0.000	14.866	28.302	 2.236	 8.944	19.105	33.541	14.036	20.248	
14.866	 0.000	22.361	16.492	10.817	 8.000	25.612	 4.000	25.000	
28.302	22.361	 0.000	30.529	19.416	29.732	 6.000	18.868	17.464	
 2.236	16.492	30.529	 0.000	11.180	20.000	35.777	16.000	21.932	
 8.944	10.817	19.416	11.180	 0.000	18.028	24.597	 7.810	15.033	
19.105	 8.000	29.732	20.000	18.028	 0.000	32.249	12.000	32.757	
33.541	25.612	 6.000	35.777	24.597	32.249	 0.000	22.627	23.345	
14.036	 4.000	18.868	16.000	 7.810	12.000	22.627	 0.000	21.190	
20.248	25.000	17.464	21.932	15.033	32.757	23.345	21.190	 0.000	
