 0.000	92.617	37.483	85.586	91.082	98.955	72.069	
92.617	 0.000	55.758	11.180	29.967	84.202	24.166	
37.483	55.758	 0.000	48.166	60.075	86.608	37.855	
85.586	11.180	48.166	 0.000	37.643	89.694	24.021	
91.082	29.967	60.075	37.643	 0.000	54.918	23.537	
98.955	84.202	86.608	89.694	54.918	 0.000	67.602	
72.069	24.166	37.855	24.021	23.537	67.602	 0.000	
