 0.000	15.000	39.560	40.817	18.358	 5.000	28.792	25.495	19.416	
15.000	 0.000	37.014	50.210	17.088	15.811	43.174	23.345	32.894	
39.560	37.014	 0.000	35.057	21.587	34.928	62.370	14.318	39.699	
40.817	50.210	35.057	 0.000	35.511	36.620	45.398	34.176	24.515	
18.358	17.088	21.587	35.511	 0.000	14.213	44.407	 7.280	25.495	
 5.000	15.811	34.928	36.620	14.213	 0.000	30.887	21.095	17.088	
28.792	43.174	62.370	45.398	44.407	30.887	 0.000	50.329	23.707	
25.495	23.345	14.318	34.176	 7.280	21.095	50.329	 0.000	29.547	
19.416	32.894	39.699	24.515	25.495	17.088	23.707	29.547	 0.000	
