 0.000	34.525	29.069	78.721	68.949	45.277	41.183	
34.525	 0.000	27.731	65.000	82.037	25.020	71.386	
29.069	27.731	 0.000	90.796	95.294	51.196	69.893	
78.721	65.000	90.796	 0.000	57.315	40.012	86.608	
68.949	82.037	95.294	57.315	 0.000	65.513	46.840	
45.277	25.020	51.196	40.012	65.513	 0.000	69.871	
41.183	71.386	69.893	86.608	46.840	69.871	 0.000	
