 0.000	19.723	40.497	28.018	36.497	35.805	27.019	32.757	26.173	
19.723	 0.000	41.773	45.891	28.231	42.485	45.354	45.541	21.260	
40.497	41.773	 0.000	39.560	20.100	11.402	41.110	25.239	20.809	
28.018	45.891	39.560	 0.000	48.795	28.862	 2.236	16.000	39.825	
36.497	28.231	20.100	48.795	 0.000	27.893	49.578	38.949	10.440	
35.805	42.485	11.402	28.862	27.893	 0.000	30.594	13.892	24.187	
27.019	45.354	41.110	 2.236	49.578	30.594	 0.000	18.028	40.361	
32.757	45.541	25.239	16.000	38.949	13.892	18.028	 0.000	32.280	
26.173	21.260	20.809	39.825	10.440	24.187	40.361	32.280	 0.000	
