 0.000	40.460	26.249	18.358	17.000	12.083	30.610	46.325	11.662	
40.460	 0.000	14.213	22.672	37.577	45.222	45.541	20.518	38.275	
26.249	14.213	 0.000	 8.944	25.495	31.765	36.222	25.710	25.080	
18.358	22.672	 8.944	 0.000	17.029	22.825	29.120	29.069	16.155	
17.000	37.577	25.495	17.029	 0.000	10.440	14.213	35.511	 5.385	
12.083	45.222	31.765	22.825	10.440	 0.000	20.616	45.651	 7.071	
30.610	45.541	36.222	29.120	14.213	20.616	 0.000	36.620	19.105	
46.325	20.518	25.710	29.069	35.511	45.651	36.620	 0.000	38.910	
11.662	38.275	25.080	16.155	 5.385	 7.071	19.105	38.910	 0.000	
