 0.000	13.342	 9.434	14.318	43.267	43.863	15.033	42.450	
13.342	 0.000	 9.434	12.207	49.578	48.270	16.971	44.944	
 9.434	 9.434	 0.000	18.111	52.010	51.971	21.190	49.769	
14.318	12.207	18.111	 0.000	37.802	36.125	 5.385	32.757	
43.267	49.578	52.010	37.802	 0.000	 7.211	32.650	13.928	
43.863	48.270	51.971	36.125	 7.211	 0.000	31.401	 7.071	
15.033	16.971	21.190	 5.385	32.650	31.401	 0.000	28.636	
42.450	44.944	49.769	32.757	13.928	 7.071	28.636	 0.000	
