 0.000	24.166	29.155	38.601	36.056	30.067	38.013	
24.166	 0.000	46.325	34.205	12.166	11.314	41.000	
29.155	46.325	 0.000	34.525	55.227	45.277	25.080	
38.601	34.205	34.525	 0.000	35.128	25.020	12.042	
36.056	12.166	55.227	35.128	 0.000	10.770	44.643	
30.067	11.314	45.277	25.020	10.770	 0.000	33.956	
38.013	41.000	25.080	12.042	44.643	33.956	 0.000	
