 0.000	 9.487	12.083	26.870	 8.544	39.446	21.213	 1.000	22.023	
 9.487	 0.000	20.100	24.166	16.279	47.011	30.594	 9.849	31.064	
12.083	20.100	 0.000	38.419	15.264	40.025	12.806	12.530	11.705	
26.870	24.166	38.419	 0.000	24.597	41.785	43.081	26.173	45.618	
 8.544	16.279	15.264	24.597	 0.000	31.064	18.682	 7.616	21.024	
39.446	47.011	40.025	41.785	31.064	 0.000	31.016	38.588	35.057	
21.213	30.594	12.806	43.081	18.682	31.016	 0.000	21.095	 4.123	
 1.000	 9.849	12.530	26.173	 7.616	38.588	21.095	 0.000	22.091	
22.023	31.064	11.705	45.618	21.024	35.057	 4.123	22.091	 0.000	
