 0.000	11.402	23.000	20.616	15.133	18.439	
11.402	 0.000	32.757	28.018	10.630	17.029	
23.000	32.757	 0.000	 8.944	29.155	26.173	
20.616	28.018	 8.944	 0.000	22.136	18.028	
15.133	10.630	29.155	22.136	 0.000	 6.708	
18.439	17.029	26.173	18.028	 6.708	 0.000	
