 0.000	22.472	22.361	13.000	 6.083	18.601	19.647	 8.602	
22.472	 0.000	39.051	19.026	26.907	40.361	25.000	24.515	
22.361	39.051	 0.000	20.224	24.839	26.571	17.493	15.297	
13.000	19.026	20.224	 0.000	19.026	30.083	 7.810	 7.810	
 6.083	26.907	24.839	19.026	 0.000	13.454	25.318	13.601	
18.601	40.361	26.571	30.083	13.454	 0.000	34.525	22.804	
19.647	25.000	17.493	 7.810	25.318	34.525	 0.000	12.000	
 8.602	24.515	15.297	 7.810	13.601	22.804	12.000	 0.000	
