 0.000	36.497	44.654	36.892	41.485	18.868	
36.497	 0.000	32.894	29.682	 6.403	20.396	
44.654	32.894	 0.000	 7.810	30.017	28.460	
36.892	29.682	 7.810	 0.000	28.284	21.378	
41.485	 6.403	30.017	28.284	 0.000	24.021	
18.868	20.396	28.460	21.378	24.021	 0.000	
