 0.000	34.713	31.890	15.620	22.023	18.385	23.000	30.000	
34.713	 0.000	47.265	19.416	24.331	51.856	52.839	41.049	
31.890	47.265	 0.000	37.643	23.022	28.862	21.024	 6.708	
15.620	19.416	37.643	 0.000	17.692	33.615	36.401	33.106	
22.023	24.331	23.022	17.692	 0.000	33.121	31.113	17.117	
18.385	51.856	28.862	33.615	33.121	 0.000	 9.220	31.016	
23.000	52.839	21.024	36.401	31.113	 9.220	 0.000	24.515	
30.000	41.049	 6.708	33.106	17.117	31.016	24.515	 0.000	
