 0.000	45.793	 8.544	60.108	32.280	11.180	13.454	
45.793	 0.000	44.944	19.235	30.806	41.012	32.650	
 8.544	44.944	 0.000	57.009	25.942	18.385	13.038	
60.108	19.235	57.009	 0.000	35.114	57.689	46.690	
32.280	30.806	25.942	35.114	 0.000	36.014	22.023	
11.180	41.012	18.385	57.689	36.014	 0.000	14.000	
13.454	32.650	13.038	46.690	22.023	14.000	 0.000	
