 0.000	19.105	35.228	23.087	37.336	13.038	 3.162	55.606	
19.105	 0.000	20.591	 4.000	19.416	 9.434	18.028	40.608	
35.228	20.591	 0.000	18.974	 9.220	22.204	32.757	20.518	
23.087	 4.000	18.974	 0.000	16.279	13.000	22.023	38.275	
37.336	19.416	 9.220	16.279	 0.000	24.739	35.440	22.847	
13.038	 9.434	22.204	13.000	24.739	 0.000	10.770	42.638	
 3.162	18.028	32.757	22.023	35.440	10.770	 0.000	53.009	
55.606	40.608	20.518	38.275	22.847	42.638	53.009	 0.000	
