 0.000	45.122	39.205	57.801	22.000	13.153	41.000	41.146	
45.122	 0.000	 7.810	19.925	45.607	33.242	10.440	10.630	
39.205	 7.810	 0.000	27.313	42.953	26.683	 4.472	14.142	
57.801	19.925	27.313	 0.000	50.488	48.270	30.364	17.029	
22.000	45.607	42.953	50.488	 0.000	27.295	46.530	37.216	
13.153	33.242	26.683	48.270	27.295	 0.000	28.071	31.241	
41.000	10.440	 4.472	30.364	46.530	28.071	 0.000	18.439	
41.146	10.630	14.142	17.029	37.216	31.241	18.439	 0.000	
