 0.000	12.042	29.206	33.106	10.296	19.647	12.042	
12.042	 0.000	17.493	30.414	14.036	11.705	24.083	
29.206	17.493	 0.000	38.897	26.926	13.601	41.110	
33.106	30.414	38.897	 0.000	41.881	41.400	39.459	
10.296	14.036	26.926	41.881	 0.000	14.142	17.464	
19.647	11.705	13.601	41.400	14.142	 0.000	30.414	
12.042	24.083	41.110	39.459	17.464	30.414	 0.000	
