 0.000	22.091	38.639	20.591	29.000	45.486	16.125	
22.091	 0.000	49.406	37.736	38.013	40.112	 7.211	
38.639	49.406	 0.000	20.224	11.402	32.000	42.720	
20.591	37.736	20.224	 0.000	14.866	40.311	30.529	
29.000	38.013	11.402	14.866	 0.000	26.571	31.385	
45.486	40.112	32.000	40.311	26.571	 0.000	37.108	
16.125	 7.211	42.720	30.529	31.385	37.108	 0.000	
