 0.000	29.614	12.042	 7.810	37.162	33.541	23.431	
29.614	 0.000	28.636	25.495	21.587	 9.055	27.785	
12.042	28.636	 0.000	17.720	42.638	29.155	33.106	
 7.810	25.495	17.720	 0.000	29.732	31.241	15.811	
37.162	21.587	42.638	29.732	 0.000	30.265	19.235	
33.541	 9.055	29.155	31.241	30.265	 0.000	36.249	
23.431	27.785	33.106	15.811	19.235	36.249	 0.000	
