 0.000	21.378	20.881	29.206	11.402	16.553	34.059	
21.378	 0.000	42.202	14.142	14.866	30.083	18.682	
20.881	42.202	 0.000	49.244	30.887	24.698	53.852	
29.206	14.142	49.244	 0.000	18.358	30.150	 5.000	
11.402	14.866	30.887	18.358	 0.000	15.232	23.022	
16.553	30.083	24.698	30.150	15.232	 0.000	33.734	
34.059	18.682	53.852	 5.000	23.022	33.734	 0.000	
