 0.000	 6.325	30.017	21.840	14.318	22.672	
 6.325	 0.000	28.862	15.524	 9.434	17.029	
30.017	28.862	 0.000	32.558	36.249	23.431	
21.840	15.524	32.558	 0.000	11.402	 9.849	
14.318	 9.434	36.249	11.402	 0.000	18.248	
22.672	17.029	23.431	 9.849	18.248	 0.000	
