 0.000	 5.385	10.770	23.259	15.620	20.248	19.925	 5.000	 6.325	
 5.385	 0.000	12.042	28.636	14.866	20.809	20.248	 8.246	 5.000	
10.770	12.042	 0.000	25.000	 6.325	31.016	30.676	15.652	16.125	
23.259	28.636	25.000	 0.000	31.064	32.202	32.650	22.804	28.018	
15.620	14.866	 6.325	31.064	 0.000	35.355	34.886	20.616	19.698	
20.248	20.809	31.016	32.202	35.355	 0.000	 1.000	15.524	15.811	
19.925	20.248	30.676	32.650	34.886	 1.000	 0.000	15.297	15.264	
 5.000	 8.246	15.652	22.804	20.616	15.524	15.297	 0.000	 5.385	
 6.325	 5.000	16.125	28.018	19.698	15.811	15.264	 5.385	 0.000	
