 0.000	14.318	14.422	 9.487	17.000	20.591	30.083	 9.487	
14.318	 0.000	10.817	12.530	13.416	31.890	25.179	18.028	
14.422	10.817	 0.000	 5.831	 3.000	34.986	16.279	11.402	
 9.487	12.530	 5.831	 0.000	 7.810	29.967	20.616	 6.000	
17.000	13.416	 3.000	 7.810	 0.000	37.590	13.342	12.530	
20.591	31.890	34.986	29.967	37.590	 0.000	50.567	27.893	
30.083	25.179	16.279	20.616	13.342	50.567	 0.000	23.601	
 9.487	18.028	11.402	 6.000	12.530	27.893	23.601	 0.000	
