 0.000	31.257	45.453	47.434	 7.810	30.232	 4.472	
31.257	 0.000	25.318	24.352	26.077	25.239	35.511	
45.453	25.318	 0.000	 4.472	37.802	18.439	49.820	
47.434	24.352	 4.472	 0.000	39.962	22.091	51.865	
 7.810	26.077	37.802	39.962	 0.000	22.472	12.042	
30.232	25.239	18.439	22.091	22.472	 0.000	34.205	
 4.472	35.511	49.820	51.865	12.042	34.205	 0.000	
