 0.000	31.401	14.765	17.720	 8.062	 5.000	33.242	
31.401	 0.000	28.636	16.125	38.949	26.627	25.239	
14.765	28.636	 0.000	12.649	17.000	14.866	41.000	
17.720	16.125	12.649	 0.000	24.187	14.036	30.871	
 8.062	38.949	17.000	24.187	 0.000	13.038	40.792	
 5.000	26.627	14.866	14.036	13.038	 0.000	29.017	
33.242	25.239	41.000	30.871	40.792	29.017	 0.000	
