 0.000	52.345	20.224	 1.414	36.235	41.110	25.080	37.000	
52.345	 0.000	37.590	52.326	16.401	39.115	30.017	38.013	
20.224	37.590	 0.000	19.416	21.541	21.840	 7.616	39.446	
 1.414	52.326	19.416	 0.000	36.125	40.050	24.597	38.013	
36.235	16.401	21.541	36.125	 0.000	29.069	13.928	31.305	
41.110	39.115	21.840	40.050	29.069	 0.000	22.204	57.280	
25.080	30.017	 7.616	24.597	13.928	22.204	 0.000	35.468	
37.000	38.013	39.446	38.013	31.305	57.280	35.468	 0.000	
