 0.000	29.547	18.788	24.042	18.788	 4.123	22.825	39.459	24.331	
29.547	 0.000	44.181	44.283	22.361	27.203	52.326	34.205	33.242	
18.788	44.181	 0.000	 9.000	37.577	18.439	19.235	38.601	20.616	
24.042	44.283	 9.000	 0.000	42.202	22.204	28.160	31.828	14.765	
18.788	22.361	37.577	42.202	 0.000	20.000	37.121	48.270	38.275	
 4.123	27.203	18.439	22.204	20.000	 0.000	25.807	35.355	20.616	
22.825	52.326	19.235	28.160	37.121	25.807	 0.000	56.356	38.484	
39.459	34.205	38.601	31.828	48.270	35.355	56.356	 0.000	18.028	
24.331	33.242	20.616	14.765	38.275	20.616	38.484	18.028	 0.000	
