 0.000	31.401	31.016	 7.000	 8.944	13.038	
31.401	 0.000	 6.325	33.242	27.166	42.048	
31.016	 6.325	 0.000	34.132	25.179	40.200	
 7.000	33.242	34.132	 0.000	15.524	17.804	
 8.944	27.166	25.179	15.524	 0.000	15.033	
13.038	42.048	40.200	17.804	15.033	 0.000	
