 0.000	14.318	27.659	37.643	35.384	37.483	12.649	20.396	14.142	
14.318	 0.000	18.439	25.807	25.080	24.698	20.125	 9.220	13.601	
27.659	18.439	 0.000	11.402	 7.810	33.015	23.770	25.080	32.016	
37.643	25.807	11.402	 0.000	 5.385	31.048	35.114	29.411	38.949	
35.384	25.080	 7.810	 5.385	 0.000	34.540	31.305	30.265	38.626	
37.483	24.698	33.015	31.048	34.540	 0.000	44.777	17.117	27.295	
12.649	20.125	23.770	35.114	31.305	44.777	 0.000	28.844	26.077	
20.396	 9.220	25.080	29.411	30.265	17.117	28.844	 0.000	11.662	
14.142	13.601	32.016	38.949	38.626	27.295	26.077	11.662	 0.000	
