 0.000	43.046	44.011	41.146	46.098	 9.055	
43.046	 0.000	 7.211	 4.000	 8.246	47.508	
44.011	 7.211	 0.000	 4.472	15.232	47.170	
41.146	 4.000	 4.472	 0.000	12.166	45.000	
46.098	 8.246	15.232	12.166	 0.000	51.740	
 9.055	47.508	47.170	45.000	51.740	 0.000	
