 0.000	32.311	44.385	45.188	29.155	41.340	
32.311	 0.000	13.038	31.016	 3.162	11.180	
44.385	13.038	 0.000	38.419	16.000	13.601	
45.188	31.016	38.419	 0.000	31.048	24.839	
29.155	 3.162	16.000	31.048	 0.000	13.601	
41.340	11.180	13.601	24.839	13.601	 0.000	
