 0.000	28.425	35.468	11.180	34.015	15.133	36.688	52.202	43.681	
28.425	 0.000	17.493	25.942	28.018	21.190	37.121	25.632	26.000	
35.468	17.493	 0.000	38.118	14.036	35.057	24.083	20.125	 9.055	
11.180	25.942	38.118	 0.000	40.522	 5.831	45.177	51.478	47.043	
34.015	28.018	14.036	40.522	 0.000	39.395	10.050	32.985	15.264	
15.133	21.190	35.057	 5.831	39.395	 0.000	45.222	46.819	44.102	
36.688	37.121	24.083	45.177	10.050	45.222	 0.000	42.579	24.042	
52.202	25.632	20.125	51.478	32.985	46.819	42.579	 0.000	19.000	
43.681	26.000	 9.055	47.043	15.264	44.102	24.042	19.000	 0.000	
