 0.000	20.025	41.304	47.011	26.019	15.297	46.530	38.210	16.031	
20.025	 0.000	47.170	42.012	 6.325	 5.385	58.000	27.659	36.056	
41.304	47.170	 0.000	24.083	52.202	42.942	17.000	33.615	43.417	
47.011	42.012	24.083	 0.000	44.553	40.200	41.049	16.553	56.223	
26.019	 6.325	52.202	44.553	 0.000	11.705	63.781	29.000	42.000	
15.297	 5.385	42.942	40.200	11.705	 0.000	53.038	27.313	31.257	
46.530	58.000	17.000	41.049	63.781	53.038	 0.000	49.729	42.426	
38.210	27.659	33.615	16.553	29.000	27.313	49.729	 0.000	51.039	
16.031	36.056	43.417	56.223	42.000	31.257	42.426	51.039	 0.000	
