 0.000	21.024	53.141	28.636	12.369	19.105	17.088	
21.024	 0.000	41.110	39.217	16.279	23.770	 4.243	
53.141	41.110	 0.000	45.122	55.758	37.216	41.617	
28.636	39.217	45.122	 0.000	40.112	15.652	35.440	
12.369	16.279	55.758	40.112	 0.000	27.857	14.318	
19.105	23.770	37.216	15.652	27.857	 0.000	20.224	
17.088	 4.243	41.617	35.440	14.318	20.224	 0.000	
