 0.000	35.341	27.295	39.319	10.440	 7.211	26.571	
35.341	 0.000	45.891	44.102	35.355	37.108	25.080	
27.295	45.891	 0.000	17.000	17.205	20.125	22.023	
39.319	44.102	17.000	 0.000	29.069	33.015	19.799	
10.440	35.355	17.205	29.069	 0.000	 4.123	19.209	
 7.211	37.108	20.125	33.015	 4.123	 0.000	23.022	
26.571	25.080	22.023	19.799	19.209	23.022	 0.000	
