 0.000	37.483	33.242	23.770	10.440	24.515	47.508	
37.483	 0.000	 4.472	17.720	28.844	21.213	14.142	
33.242	 4.472	 0.000	15.033	24.413	19.026	18.000	
23.770	17.720	15.033	 0.000	19.026	 4.472	24.207	
10.440	28.844	24.413	19.026	 0.000	21.587	40.497	
24.515	21.213	19.026	 4.472	21.587	 0.000	25.495	
47.508	14.142	18.000	24.207	40.497	25.495	 0.000	
