 0.000	30.414	21.024	17.000	42.544	33.734	
30.414	 0.000	22.023	38.626	17.464	30.083	
21.024	22.023	 0.000	19.105	25.456	13.416	
17.000	38.626	19.105	 0.000	44.553	26.249	
42.544	17.464	25.456	44.553	 0.000	24.739	
33.734	30.083	13.416	26.249	24.739	 0.000	
