 0.000	41.725	16.643	39.357	18.248	47.000	29.428	 3.606	
41.725	 0.000	25.612	13.416	29.155	33.615	24.021	38.210	
16.643	25.612	 0.000	26.306	14.213	34.205	15.524	13.416	
39.357	13.416	26.306	 0.000	22.672	45.453	31.953	35.777	
18.248	29.155	14.213	22.672	 0.000	47.539	29.069	15.033	
47.000	33.615	34.205	45.453	47.539	 0.000	18.682	45.100	
29.428	24.021	15.524	31.953	29.069	18.682	 0.000	27.074	
 3.606	38.210	13.416	35.777	15.033	45.100	27.074	 0.000	
