 0.000	21.541	15.264	12.806	15.264	17.205	
21.541	 0.000	35.000	10.000	33.000	38.471	
15.264	35.000	 0.000	27.659	21.587	 6.708	
12.806	10.000	27.659	 0.000	23.000	30.000	
15.264	33.000	21.587	23.000	 0.000	18.028	
17.205	38.471	 6.708	30.000	18.028	 0.000	
