 0.000	17.029	19.105	20.248	14.142	27.166	
17.029	 0.000	25.000	 8.246	 4.243	31.305	
19.105	25.000	 0.000	20.809	20.809	 8.062	
20.248	 8.246	20.809	 0.000	 7.071	25.612	
14.142	 4.243	20.809	 7.071	 0.000	27.313	
27.166	31.305	 8.062	25.612	27.313	 0.000	
