 0.000	26.000	27.459	 9.220	19.647	32.573	
26.000	 0.000	15.297	35.057	28.320	34.886	
27.459	15.297	 0.000	36.235	18.439	20.616	
 9.220	35.057	36.235	 0.000	25.239	38.079	
19.647	28.320	18.439	25.239	 0.000	13.000	
32.573	34.886	20.616	38.079	13.000	 0.000	
