 0.000	54.818	32.062	51.546	33.956	51.884	
54.818	 0.000	41.049	18.974	35.014	10.440	
32.062	41.049	 0.000	49.649	 6.083	44.721	
51.546	18.974	49.649	 0.000	44.385	 8.544	
33.956	35.014	 6.083	44.385	 0.000	39.051	
51.884	10.440	44.721	 8.544	39.051	 0.000	
