 0.000	49.336	43.186	32.985	20.616	10.770	29.411	
49.336	 0.000	19.416	16.553	31.064	43.290	30.610	
43.186	19.416	 0.000	16.279	31.906	41.437	15.811	
32.985	16.553	16.279	 0.000	16.763	28.071	17.464	
20.616	31.064	31.906	16.763	 0.000	12.369	25.060	
10.770	43.290	41.437	28.071	12.369	 0.000	30.610	
29.411	30.610	15.811	17.464	25.060	30.610	 0.000	
