 0.000	36.401	37.216	19.313	11.180	18.788	 4.000	18.868	
36.401	 0.000	24.207	17.088	29.155	42.190	35.171	18.248	
37.216	24.207	 0.000	25.020	26.077	30.887	33.838	22.204	
19.313	17.088	25.020	 0.000	13.342	27.857	18.248	 3.606	
11.180	29.155	26.077	13.342	 0.000	14.765	 7.810	11.000	
18.788	42.190	30.887	27.857	14.765	 0.000	15.264	25.000	
 4.000	35.171	33.838	18.248	 7.810	15.264	 0.000	17.088	
18.868	18.248	22.204	 3.606	11.000	25.000	17.088	 0.000	
