 0.000	42.438	14.866	37.802	19.799	14.765	18.028	28.178	27.203	
42.438	 0.000	27.785	13.416	23.259	57.140	46.325	48.010	19.105	
14.866	27.785	 0.000	23.324	 5.000	29.411	25.020	28.302	13.000	
37.802	13.416	23.324	 0.000	18.358	51.624	46.840	36.346	10.630	
19.799	23.259	 5.000	18.358	 0.000	34.205	29.275	29.155	 8.246	
14.765	57.140	29.411	51.624	34.205	 0.000	24.352	32.000	41.012	
18.028	46.325	25.020	46.840	29.275	24.352	 0.000	46.141	37.483	
28.178	48.010	28.302	36.346	29.155	32.000	46.141	 0.000	29.155	
27.203	19.105	13.000	10.630	 8.246	41.012	37.483	29.155	 0.000	
