 0.000	63.702	37.855	 7.211	38.910	39.408	53.814	29.155	
63.702	 0.000	39.459	65.192	31.048	25.000	 9.899	35.609	
37.855	39.459	 0.000	43.186	 9.220	27.785	32.016	27.803	
 7.211	65.192	43.186	 0.000	43.012	40.311	55.317	29.698	
38.910	31.048	 9.220	43.012	 0.000	19.209	23.022	21.541	
39.408	25.000	27.785	40.311	19.209	 0.000	15.264	10.630	
53.814	 9.899	32.016	55.317	23.022	15.264	 0.000	25.807	
29.155	35.609	27.803	29.698	21.541	10.630	25.807	 0.000	
